1.09041e+10   1.17526e+10
1.07344e+10   -1.18950e+10
-9.63369e+09   7.65744e+09
-9.72739e+09   -7.50324e+09
-4.26785e+09   -5.82894e+09
-4.16101e+09   5.88021e+09
2.55420e+09   -1.96505e+09
2.58008e+09   1.90910e+09
7.55267e+08   7.73976e+08
7.33731e+08   -7.86698e+08
-1.40820e+08   2.29294e+08
-1.46281e+08   -2.23783e+08
-4.82371e+07   -6.33180e+06
-4.76077e+07   8.02253e+06
-3.07244e+06   -5.39007e+06
-2.78044e+06   5.48485e+06
5.60209e+04   -5.28098e+05
9.14395e+04   5.17736e+05
9.16414e+03   -2.58564e+04
1.17294e+04   2.44640e+04
3.71969e+01   -5.94643e+02
1.55009e+02   5.68330e+02
8.30420e-01   -1.45610e+00
-7.34523e-01   1.28354e+00
1.39474e+00   8.05642e-01
-7.78024e-01   -1.03235e+00
-5.19748e-01   -1.01114e+00
-1.18382e+00   2.59398e-01
-1.12160e+00   -1.14726e-01
9.59410e-01   5.96479e-01
1.12121e+00   -1.07710e-03
