8.12495e-01   3.55011e-01
4.39378e-01   7.67724e-01
4.15981e-01   7.83308e-01
6.16008e-01   5.49835e-01
-4.63219e-01   7.54708e-01
7.63946e-01   -4.48977e-01
6.09215e-01   -4.82633e-01
4.05419e-02   -8.85559e-01
-3.92443e-01   -7.90081e-01
-6.16625e-01   -6.38387e-01
-8.01691e-01   -2.69944e-01
-8.85172e-01   4.27375e-02
-7.59304e-01   1.39395e-01
-1.89928e-01   -6.03179e-01
-4.25076e-01   3.80125e-01
2.18059e-01   2.52609e-01
2.50726e-01   -1.76183e-01
-2.06958e-03   -4.98326e-03
-3.74903e-03   3.72381e-03
1.15221e-04   6.32035e-05
1.25579e-04   -3.62512e-05
-5.47239e-06   1.99455e-06
-5.07463e-06   -2.81502e-06
5.57317e-08   -3.04018e-07
1.84415e-08   3.07526e-07
1.59914e-08   -7.15565e-09
1.52613e-08   8.71467e-09
-5.63526e-10   -8.57351e-10
-6.33367e-10   8.11148e-10
-4.99546e-11   -3.53624e-11
-5.21123e-11   3.17396e-11
1.37488e-12   -3.41967e-12
1.16637e-12   3.48431e-12
2.29643e-17   -1.01941e-17
2.24901e-13   -6.76813e-15
2.23665e-13   1.83517e-14
8.04511e-15   1.07732e-14
8.46244e-15   -1.05143e-14
2.82084e-16   -4.36193e-17
-1.21337e-16   -4.35622e-17
-5.06915e-17   1.09247e-16
-1.17867e-17   -1.30744e-17
1.87832e-17   -9.55028e-18
4.24474e-18   -8.36190e-18
-1.65556e-17   -1.33910e-17
2.59290e-17   -6.87441e-18
-1.32382e-17   2.92886e-17
1.31337e-17   -1.18425e-17
-1.22230e-17   1.16513e-17
1.13679e-17   1.15418e-17
-1.57145e-17   -4.15241e-18
2.45957e-17   3.80761e-18
8.17984e-18   4.45044e-18
-1.11482e-17   3.14754e-17
-9.07881e-18   -1.80815e-17
-1.04221e-19   -9.73564e-18
-8.72076e-19   -2.47427e-18
-4.12184e-18   1.84335e-17
-2.22631e-18   -1.28287e-17
-4.06697e-18   2.39032e-18
1.24112e-17   -5.76029e-18
-9.16274e-19   -7.77796e-18
1.92041e-17   1.04700e-17
-7.49393e-18   1.47997e-17
-1.35590e-18   2.45780e-18
-1.15631e-17   -4.50956e-18
6.53774e-19   -1.15273e-17
3.92129e-18   1.89380e-17
4.63370e-18   -5.13254e-18
1.70792e-17   -3.98579e-18
-1.20066e-17   7.99612e-18
6.71432e-18   -1.80212e-17
-1.01629e-17   9.24726e-18
-4.16622e-18   -3.20020e-18
-7.56152e-18   -2.48322e-18
-6.82062e-18   -1.12269e-17
3.08689e-18   8.23404e-18
-1.83017e-18   -3.74786e-18
4.63894e-18   2.62046e-18
-4.94115e-18   -5.15367e-18
3.29122e-18   -1.36690e-17
-5.70409e-18   5.34787e-18
1.29687e-17   1.45900e-19
-9.56053e-18   4.12185e-18
-9.10523e-18   3.48629e-18
-9.13940e-18   -1.48765e-18
-1.94618e-18   8.62504e-18
1.07115e-19   -4.22211e-18
1.59089e-17   -2.66731e-20
4.74871e-18   -1.63692e-18
1.16607e-17   4.27044e-18
1.63129e-17   7.30916e-20
9.73394e-18   -1.63536e-18
4.45546e-18   2.55295e-18
3.41694e-18   -9.88294e-18
-6.03769e-18   -9.39043e-18
1.56449e-17   -3.05169e-18
2.19295e-18   -3.82761e-18
8.24660e-18   1.20353e-18
-6.11015e-18   -5.82248e-18
7.77945e-18   1.14363e-17
-1.25258e-17   -4.87813e-18
-1.77240e-18   2.01286e-19
-1.03890e-17   -1.83187e-18
-2.27269e-18   6.14157e-18
-8.67480e-18   -1.37862e-17
-4.03159e-18   7.82645e-18
-9.61736e-19   3.07910e-18
-4.01376e-18   2.52873e-18
2.40349e-19   5.16501e-19
4.81294e-18   4.38268e-19
4.20502e-18   1.45379e-18
6.00035e-18   -2.60468e-18
2.00294e-18   -4.11447e-19
-8.40579e-18   4.15600e-18
-8.44467e-19   -1.91678e-19
-9.43981e-18   -5.90807e-18
-1.53087e-18   2.13029e-18
-1.23615e-19   -9.37293e-19
4.28316e-18   3.53724e-18
-1.09926e-17   1.44347e-18
-4.54810e-19   -2.02403e-18
-5.29651e-18   -2.51687e-18
3.55613e-18   7.75483e-18
4.44175e-18   -3.67600e-18
-2.00375e-18   4.05173e-19
-3.88790e-19   -3.83694e-18
